state={
	id=1086
	name="STATE_1086"
	manpower = 2
	state_category = wasteland
history = {
	owner = AST
}

	provinces={
		13460 13462 13464 13465 13466 13467 13468 13469 13470 13471 13472 13473 13474 13498 13499 13524 13525 13539 13544 13545 13572 13573 13581 13598 13599 13605 13615 13616 13617 13624 13639 13643 13644 13656 13672 13673 13678 13688 13689 13694 13695 13703 13708 13711 13716 13720 13729 13737 13745 13746 13764 13765 13773 13777 13778 13782 13784 13792 13798 13805 13806 13807 13819 13827 13835 13837 13839 13840 13841 13842 13848 13849 13857 13863 13864 13866 13872 13873 13874 13878 13881 13888 13895 13906 13915 13916 13921 13922 13924 13926 13930 13931 13932 13933 13935 13939 13940 13942 13951 13953 13954 13957 13965 13966 13969 13976 13981 13983 13984 13985 13993 13994 13996 13998 13999 14000 
	}
	buildings_max_level_factor=1.000
	local_supplies=0.000
}
