state={
	id=1091
	name="STATE_1091"
	state_category = wasteland

	history = {
		owner = ANT
	}

	provinces={
		13382 13383 13384 13385 13386 13387 13388 13389 13390 13391 13392 13393 13394 13395 13396 13397 13398 13399 13400 13401 13402 13403 13487 13488 13489 13490 13495 13502 13503 13504 13507 13508 13510 13518 13519 13526 13527 13528 13531 13533 13540 13542 13546 13553 13586 13593 13594 13606 13620 13626 13640 13646 13647 13658 
	}
	manpower=1
	buildings_max_level_factor=1.000
	local_supplies=0.000
}
